accuracy_16000=0.8525246305418719
f1_macro_16000=0.5612628068410812
